xx <- 1:10
xx[5]
xx[5]<-NULL
xx[5] <- NULL
xx[5] <- NA
xx/0
Inf + 1
Inf /Inf
sqrt(-2)
ifelse(1==1, 1,0)
ifelse(1==2, 1,0)
85,  70,  76,  71,  58,  73,  76,  72,  68,  76,  98,  89,  
             81,  70, 104,  92, 104,  93, 109, 107,  85, 103, 111,  91, 
             108, 105, 121, 121, 119, 102, 110, 114, 102, 127,  99, 102, 
             136, 117, 152, 131, 131, 126, 126, 143, 145, 125, 142, 130, 
             129, 148, 133, 127, 133, 149, 186, 151, 157, 204, 152, 163,
             156, 183, 190, 161, 184, 195, 190, 214, 205, 174, 189,  217)
c(85,  70,  76,  71,  58,  73,  76,  72,  68,  76,  98,  89,  
             81,  70, 104,  92, 104,  93, 109, 107,  85, 103, 111,  91, 
             108, 105, 121, 121, 119, 102, 110, 114, 102, 127,  99, 102, 
             136, 117, 152, 131, 131, 126, 126, 143, 145, 125, 142, 130, 
             129, 148, 133, 127, 133, 149, 186, 151, 157, 204, 152, 163,
             156, 183, 190, 161, 184, 195, 190, 214, 205, 174, 189,  217)
c(85,  70,  76,  71,  58,  73,  76,  72,  68,  76,  98,  89,  
             81,  70, 104,  92, 104,  93, 109, 107,  85, 103, 111,  91, 
             108, 105, 121, 121, 119, 102, 110, 114, 102, 127,  99, 102, 
             136, 117, 152, 131, 131, 126, 126, 143, 145, 125, 142, 130, 
             129, 148, 133, 127, 133, 149, 186, 151, 157, 204, 152, 163,
             156, 183, 190, 161, 184, 195, 190, 214, 205, 174, 189,  217)
packs <- c(85,  70,  76,  71,  58,  73,  76,  72,  68,  76,  98,  89,  

             81,  70, 104,  92, 104,  93, 109, 107,  85, 103, 111,  91, 

             108, 105, 121, 121, 119, 102, 110, 114, 102, 127,  99, 102, 

             136, 117, 152, 131, 131, 126, 126, 143, 145, 125, 142, 130, 

             129, 148, 133, 127, 133, 149, 186, 151, 157, 204, 152, 163,

             156, 183, 190, 161, 184, 195, 190, 214, 205, 174, 189,  217)
packs
matrix(packs, ncol=12, byrow=TRUE)
rowSums(matrix(packs, ncol=12, byrow=TRUE))
